5.1426e-08	171.0
1.07389e-06	172.5
3.24845e-06	174.0
6.395e-06	175.5
1.03381e-05	177.0
1.49887e-05	178.5
2.01644e-05	180.0
2.5794399999999998e-05	181.5
3.17286e-05	183.0
3.7933000000000004e-05	184.5
4.4469000000000004e-05	186.0
5.1033e-05	187.5
5.7758e-05	189.0
6.438099999999999e-05	190.5
7.1104e-05	192.0
7.7855e-05	193.5
8.4617e-05	195.0
9.119400000000001e-05	196.5
9.773400000000001e-05	198.0
0.00010419	199.5
0.000110348	201.0
0.00011641700000000001	202.5
0.000122686	204.0
0.000128354	205.5
0.000134004	207.0
0.000139722	208.5
0.000144949	210.0
0.000150193	211.5
0.000155425	213.0
0.000160174	214.5
0.00016503200000000002	216.0
0.000169417	217.5
0.000174349	219.0
0.000178095	220.5
0.00018248100000000002	222.0
0.000186279	223.5
0.000190108	225.0
0.000193653	226.5
0.000197133	228.0
0.00020005400000000002	229.5
0.00020381	231.0
0.000206743	232.5
0.000209738	234.0
0.00021266999999999998	235.5
0.00021527	237.0
0.00021799	238.5
0.00022009999999999998	240.0
0.00022306	241.5
0.00022486	243.0
0.00022731999999999999	244.5
0.00022884	246.0
0.00023069	247.5
0.00023272	249.0
0.00023466999999999997	250.5
0.00023570999999999998	252.0
0.00023792	253.5
0.00023867000000000002	255.0
0.0002406	256.5
0.00024151	258.0
0.00024263	259.5
0.00024356999999999997	261.0
0.00024474800000000004	262.5
0.000245678	264.0
0.000246451	265.5
0.000247873	267.0
0.000248499	268.5
0.000249015	270.0
0.000249646	271.5
0.000250247	273.0
0.000251144	274.5
0.000251435	276.0
0.00025186800000000004	277.5
0.000252146	279.0
0.000252821	280.5
0.000253267	282.0
0.000253356	283.5
0.000253478	285.0
0.000253206	286.5
0.000253629	288.0
0.000253495	289.5
0.000254268	291.0
0.00025441600000000004	292.5
0.000253862	294.0
0.000253811	295.5
0.000254218	297.0
0.00025431	298.5
0.00025337199999999997	300.0
0.00025336	301.5
0.000252838	303.0
0.000253324	304.5
0.000253232	306.0
0.000253232	307.5
0.000253123	309.0
0.00025258	310.5
0.00025211600000000004	312.0
0.00025137900000000003	313.5
0.000251808	315.0
0.000251608	316.5
0.000250765	318.0
0.000250742	319.5
0.00024897	321.0
0.000249715	322.5
0.000248878	325.5
0.000247386	328.5
0.000246891	331.5
0.000245896	334.5
0.00024486099999999997	337.5
0.000244123	340.5
0.000242797	343.5
0.00024122800000000002	346.5
0.000240127	349.5
0.000239511	352.5
0.000238084	355.5
0.000236888	358.5
0.00023528200000000001	361.5
0.00023437799999999998	364.5
0.000232431	367.5
0.00023103	370.5
0.000230515	373.5
0.000229317	376.5
0.000227686	379.5
0.000226378	382.5
0.000225145	385.5
0.000223852	388.5
0.000222619	391.5
0.00022098	394.5
0.000219822	397.5
0.000218479	400.5
0.000217269	403.5
0.000216121	406.5
0.000214093	409.5
0.00021330900000000001	412.5
0.00021234	415.5
0.00021084	418.5
0.000209362	421.5
0.000207619	424.5
0.000206575	427.5
0.000205269	430.5
0.00020454500000000001	433.5
0.00020279600000000001	436.5
0.000202284	439.5
0.000200461	442.5
0.00019955	445.5
0.00019841	448.5
0.000197016	451.5
0.000195357	454.5
0.00019418799999999998	457.5
0.00019275500000000002	460.5
0.000192264	463.5
0.000190625	466.5
0.000189957	469.5
0.000188659	472.5
0.000187692	475.0
0.000185724	480.0
0.000183501	485.0
0.000182016	490.0
0.00017995999999999998	495.0
0.00017813699999999998	500.0
0.00017605599999999998	505.0
0.000174528	510.0
0.00017362	515.0
0.000171103	520.0
0.000169502	525.0
0.000168114	530.0
0.000166234	535.0
0.000164695	540.0
0.000163037	545.0
0.00016139	550.0
0.0001595887	555.0
0.0001584062	560.0
0.0001565561	565.0
0.0001554492	570.0
0.0001539931	575.0
0.0001527872	580.0
0.0001507282	585.0
0.00014989149999999999	590.0
0.0001484144	595.0
0.00014676470000000001	600.0
0.00014565999999999998	605.0
0.0001446051	610.0
0.0001427171	615.0
0.0001420939	620.0
0.0001406739	625.0
0.0001390827	630.0
0.0001378722	635.0
0.0001368353	640.0
0.0001357067	645.0
0.0001341574	650.0
0.000132937	655.0
0.00013238870000000002	660.0
0.0001307719	665.0
0.0001300677	670.0
0.0001289	675.0
0.0001282016	680.0
0.0001262025	685.0
0.0001255733	690.0
0.0001245482	695.0
0.0001236176	700.0
0.0001225257	705.0
0.00012198180000000001	710.0
0.0001211048	715.0
0.0001200567	720.0
0.0001188393	725.0
0.0001181031	730.0
0.0001170934	735.0
0.0001160177	740.0
0.0001154081	745.0
0.0001143005	750.0
0.0001132695	755.0
0.00011242999999999999	760.0
0.0001117491	765.0
0.00011045880000000001	770.0
0.000110399	775.0
0.0001095393	780.0
0.00010865589999999999	785.0
0.0001071938	790.0
0.0001067031	795.0
0.0001057689	800.0
0.0001055014	805.0
0.0001041464	810.0
0.0001036888	815.0
0.0001025187	820.0
0.00010236650000000001	825.0
0.0001015904	830.0
0.0001006095	835.0
9.96978e-05	840.0
9.914920000000001e-05	845.0
9.86989e-05	850.0
9.76408e-05	855.0
9.71013e-05	860.0
9.68437e-05	865.0
9.58938e-05	870.0
9.49135e-05	875.0
9.48255e-05	880.0
9.394669999999999e-05	885.0
9.32685e-05	890.0
9.25109e-05	895.0
9.21835e-05	900.0
9.16209e-05	905.0
9.09988e-05	910.0
9.00524e-05	915.0
8.99811e-05	920.0
8.88525e-05	925.0
8.85551e-05	930.0
8.8083e-05	935.0
8.76554e-05	940.0
8.664089999999999e-05	945.0
8.58027e-05	950.0
8.57451e-05	955.0
8.52743e-05	960.0
8.475819999999999e-05	965.0
8.41249e-05	970.0
8.385300000000001e-05	975.0
8.31273e-05	980.0
8.22408e-05	985.0
8.189699999999999e-05	990.0
8.12422e-05	995.0
8.13442e-05	1000.0
8.07729e-05	1005.0
8.01472e-05	1010.0
7.93854e-05	1015.0
7.90107e-05	1020.0
7.85741e-05	1025.0
7.81908e-05	1030.0
7.77183e-05	1035.0
7.69814e-05	1040.0
7.66321e-05	1045.0
7.64889e-05	1050.0
7.57094e-05	1055.0
7.52224e-05	1060.0
7.4713e-05	1065.0
7.4836e-05	1070.0
7.42986e-05	1075.0
7.37573e-05	1080.0
7.32515e-05	1085.0
7.280809999999999e-05	1090.0
7.25085e-05	1095.0
7.22367e-05	1100.0
7.12971e-05	1105.0
7.10676e-05	1110.0
7.04603e-05	1115.0
7.04992e-05	1120.0
6.99244e-05	1125.0
6.96819e-05	1130.0
6.94108e-05	1135.0
6.93918e-05	1140.0
6.85448e-05	1145.0
6.795e-05	1150.0
6.7522e-05	1155.0
6.73406e-05	1160.0
6.698070000000001e-05	1165.0
6.66216e-05	1170.0
6.623339999999999e-05	1175.0
6.637889999999999e-05	1180.0
6.56542e-05	1185.0
6.544770000000001e-05	1190.0
6.4784e-05	1195.0
6.4762e-05	1200.0
6.44357e-05	1205.0
6.37002e-05	1210.0
6.34539e-05	1215.0
6.34137e-05	1220.0
6.290379999999999e-05	1225.0
6.26593e-05	1230.0
6.244e-05	1235.0
6.176700000000001e-05	1240.0
6.14811e-05	1245.0
6.13104e-05	1250.0
6.11074e-05	1255.0
6.06202e-05	1260.0
6.04897e-05	1265.0
6.0121800000000004e-05	1270.0
5.9755e-05	1275.0
5.95021e-05	1280.0
5.92949e-05	1285.0
5.88381e-05	1290.0
5.856e-05	1295.0
5.83937e-05	1300.0
5.8208299999999996e-05	1305.0
5.76618e-05	1310.0
5.764e-05	1315.0
5.70015e-05	1320.0
5.6927e-05	1325.0
5.6660900000000005e-05	1330.0
5.6363499999999997e-05	1335.0
5.625275e-05	1340.0
5.59293e-05	1345.0
5.567707e-05	1350.0
5.507921e-05	1355.0
5.510526e-05	1360.0
5.456419e-05	1365.0
5.465983e-05	1370.0
5.416217e-05	1375.0
5.394522e-05	1380.0
5.382992e-05	1385.0
5.3530549999999995e-05	1390.0
5.344826e-05	1395.0
5.300012e-05	1400.0
5.288878e-05	1405.0
5.251006e-05	1410.0
5.226861e-05	1415.0
5.2093380000000004e-05	1420.0
5.203165e-05	1425.0
5.1800159999999996e-05	1430.0
5.139041e-05	1435.0
5.1284819999999995e-05	1440.0
5.071137e-05	1445.0
5.04514e-05	1450.0
5.0479589999999996e-05	1455.0
5.012626e-05	1460.0
5.0127959999999996e-05	1465.0
4.97973e-05	1470.0
4.957935e-05	1475.0
4.933001e-05	1480.0
4.922004e-05	1485.0
4.902416e-05	1490.0
4.872871e-05	1495.0
4.85614e-05	1500.0
