4.30379e-22	125.2
3.79491e-20	125.4
5.1659e-19	125.6
3.28675e-18	125.8
1.36604e-17	126.0
4.3646699999999994e-17	126.2
1.14963e-16	126.4
2.69617e-16	126.6
5.6423e-16	126.8
1.09958e-15	127.0
1.97477e-15	127.2
3.42472e-15	127.4
5.6024000000000005e-15	127.6
8.890499999999999e-15	127.8
1.35605e-14	128.0
2.03344e-14	128.2
2.93321e-14	128.4
4.15281e-14	128.6
5.7718e-14	128.8
7.9229e-14	129.0
1.05774e-13	129.2
1.4136099999999999e-13	129.4
1.834e-13	129.6
2.38597e-13	129.8
3.04359e-13	130.0
1.44097e-12	131.5
4.7992e-12	133.0
1.28432e-11	134.5
2.92306e-11	136.0
5.9473e-11	137.5
1.1016399999999999e-10	139.0
1.91737e-10	140.5
3.12283e-10	142.0
4.8638e-10	143.5
7.3138e-10	145.0
1.05734e-09	146.5
1.5013e-09	148.0
2.0536e-09	149.5
2.76014e-09	151.0
3.65814e-09	152.5
4.76356e-09	154.0
6.0838e-09	155.5
7.7132e-09	157.0
9.593e-09	158.5
1.18293e-08	160.0
1.44594e-08	161.5
1.74013e-08	163.0
2.09395e-08	164.5
2.50325e-08	166.0
2.94419e-08	167.5
3.46688e-08	169.0
4.05458e-08	170.5
4.6522699999999996e-08	172.0
5.3960999999999996e-08	173.5
6.195799999999999e-08	175.0
7.072700000000001e-08	176.5
8.0466e-08	178.0
9.1191e-08	179.5
1.0239100000000001e-07	181.0
1.15515e-07	182.5
1.28595e-07	184.0
1.43867e-07	185.5
1.60599e-07	187.0
1.7817200000000002e-07	188.5
1.96443e-07	190.0
2.15895e-07	191.5
2.38569e-07	193.0
2.59084e-07	194.5
2.8456e-07	196.0
3.12856e-07	197.5
3.39756e-07	199.0
3.69269e-07	200.5
3.9916600000000004e-07	202.0
4.3197699999999995e-07	203.5
4.67486e-07	205.0
5.03211e-07	206.5
5.467180000000001e-07	208.0
5.843420000000001e-07	209.5
6.24779e-07	211.0
6.7144e-07	212.5
7.217800000000001e-07	214.0
7.7156e-07	215.5
8.227e-07	217.0
8.776e-07	218.5
9.3387e-07	220.0
9.857e-07	221.5
1.05753e-06	223.0
1.1128799999999998e-06	224.5
1.18637e-06	226.0
1.2518099999999999e-06	227.5
1.32582e-06	229.0
1.4005799999999999e-06	230.5
1.48251e-06	232.0
1.56317e-06	233.5
1.64718e-06	235.0
1.72711e-06	236.5
1.80393e-06	238.0
1.90624e-06	239.5
2.00882e-06	241.0
2.10104e-06	242.5
2.20157e-06	244.0
2.2971100000000003e-06	245.5
2.41432e-06	247.0
2.52281e-06	248.5
2.6379299999999997e-06	250.0
2.7497200000000002e-06	251.5
2.8755e-06	253.0
3.0173399999999997e-06	254.5
3.1452100000000002e-06	256.0
3.25874e-06	257.5
3.38624e-06	259.0
3.53113e-06	260.5
3.66708e-06	262.0
3.82152e-06	263.5
3.95821e-06	265.0
4.11537e-06	266.5
4.2674899999999995e-06	268.0
4.4119399999999995e-06	269.5
4.5813099999999995e-06	271.0
4.74392e-06	272.5
4.9282000000000005e-06	274.0
5.06895e-06	275.5
5.24717e-06	277.0
5.4612500000000004e-06	278.5
5.63624e-06	280.0
5.811959999999999e-06	281.5
5.9829899999999994e-06	283.0
6.20917e-06	284.5
6.43946e-06	286.0
6.59492e-06	287.5
6.80547e-06	289.0
7.06027e-06	290.5
7.24766e-06	292.0
7.48485e-06	293.5
7.708329999999999e-06	295.0
7.813820000000001e-06	296.5
8.13812e-06	298.0
8.31092e-06	299.5
8.64641e-06	301.0
8.8673e-06	302.5
9.115700000000002e-06	304.0
9.3391e-06	305.5
9.619e-06	307.0
9.8298e-06	308.5
1.01642e-05	310.0
1.10257e-05	315.0
1.19575e-05	320.0
1.29475e-05	325.0
1.40265e-05	330.0
1.50569e-05	335.0
1.61852e-05	340.0
1.7358799999999997e-05	345.0
1.84778e-05	350.0
1.9883e-05	355.0
2.10451e-05	360.0
2.25254e-05	365.0
2.39709e-05	370.0
2.5295900000000003e-05	375.0
2.69103e-05	380.0
2.84516e-05	385.0
2.9839e-05	390.0
3.13152e-05	395.0
3.31237e-05	400.0
3.49018e-05	405.0
3.6732e-05	410.0
3.83821e-05	415.0
4.0216500000000004e-05	420.0
4.19986e-05	425.0
4.37386e-05	430.0
4.57646e-05	435.0
4.7503600000000004e-05	440.0
4.98739e-05	445.0
5.1907600000000004e-05	450.0
5.39804e-05	455.0
5.58228e-05	460.0
5.83396e-05	465.0
6.01383e-05	470.0
6.26394e-05	475.0
6.49466e-05	480.0
6.71228e-05	485.0
6.96e-05	490.0
7.199339999999999e-05	495.0
7.399050000000001e-05	500.0
7.659029999999999e-05	505.0
7.90309e-05	510.0
8.15638e-05	515.0
8.40895e-05	520.0
8.6832e-05	525.0
8.92928e-05	530.0
9.21327e-05	535.0
9.432260000000001e-05	540.0
9.74977e-05	545.0
9.98682e-05	550.0
0.0001028625	555.0
0.0001054403	560.0
0.0001083407	565.0
0.0001107707	570.0
0.0001135463	575.0
0.0001171725	580.0
0.0001197367	585.0
0.0001225962	590.0
0.000125758	595.0
0.0001287735	600.0
0.0001314136	605.0
0.0001346116	610.0
0.00013716380000000002	615.0
0.0001405283	620.0
0.0001431719	625.0
0.0001467001	630.0
0.0001493752	635.0
0.0001525511	640.0
0.0001568979	645.0
0.00015950380000000002	650.0
0.0001619342	655.0
0.0001658475	660.0
0.0001692945	665.0
0.00017257499999999998	670.0
0.000175195	675.0
0.000179149	680.0
0.000181789	685.0
0.000186067	690.0
0.000189117	695.0
0.000193014	700.0
0.000196228	705.0
0.00019949	710.0
0.000201585	715.0
0.00020680200000000002	720.0
0.000210034	725.0
0.000212905	730.0
0.00021672800000000002	735.0
0.000220284	740.0
0.00022460999999999998	745.0
0.00022727200000000002	750.0
0.000230916	755.0
0.000233044	760.0
0.000238011	765.0
0.000240707	770.0
0.00024579	775.0
0.000248543	780.0
0.000252528	785.0
0.000255998	790.0
0.000259909	795.0
0.00026360800000000003	800.0
0.000267202	805.0
0.000271452	810.0
0.000274044	815.0
0.000277249	820.0
0.000282166	825.0
0.00028511899999999996	830.0
0.000290926	835.0
0.00029429	840.0
0.000298029	845.0
0.00030187	850.0
0.00030499199999999997	855.0
0.000308853	860.0
0.000312734	865.0
0.000316197	870.0
0.000320377	875.0
0.000323488	880.0
0.000329824	885.0
0.00033099400000000004	890.0
0.000335909	895.0
0.000339382	900.0
0.00034267200000000003	905.0
0.000347994	910.0
0.00035194400000000003	915.0
0.000354059	920.0
0.000359278	925.0
0.00036479899999999996	930.0
0.000367489	935.0
0.00037189600000000003	940.0
0.000373525	945.0
0.000378097	950.0
0.000382354	955.0
0.00038738600000000003	960.0
0.00039113699999999995	965.0
0.000393578	970.0
0.00039791299999999996	975.0
0.000404597	980.0
0.000407119	985.0
0.00041206	990.0
0.000414708	995.0
0.00041832400000000003	1000.0
0.000423921	1005.0
0.000428403	1010.0
0.00042901	1015.0
0.000435323	1020.0
0.000438858	1025.0
0.000444001	1030.0
0.000447181	1035.0
0.000451636	1040.0
0.000455558	1045.0
0.000459378	1050.0
0.000463948	1055.0
0.00046949299999999997	1060.0
0.00046999	1065.0
0.000476936	1070.0
0.000482257	1075.0
0.000488158	1080.0
0.000489603	1085.0
0.000491955	1090.0
0.000497014	1095.0
0.000501994	1100.0
0.000505332	1105.0
0.000509054	1110.0
0.000513841	1115.0
0.000517387	1120.0
0.000521907	1125.0
0.000527268	1130.0
0.000529229	1135.0
0.000536254	1140.0
0.000537948	1145.0
0.000541433	1150.0
0.00054781	1155.0
0.000549476	1160.0
0.0005533949999999999	1165.0
0.000557535	1170.0
0.000564598	1175.0
0.000567908	1180.0
0.0005717900000000001	1185.0
0.000579034	1190.0
0.000579527	1195.0
0.0005849000000000001	1200.0
0.000589887	1205.0
0.000594363	1210.0
0.000595887	1215.0
0.0006021080000000001	1220.0
0.000603935	1225.0
0.000612541	1230.0
0.000615671	1235.0
0.000620118	1240.0
0.000624367	1245.0
0.000625881	1250.0
0.000634578	1255.0
0.000635834	1260.0
0.0006409530000000001	1265.0
0.000641891	1270.0
0.0006499870000000001	1275.0
0.0006487940000000001	1280.0
0.000657723	1285.0
0.000663027	1290.0
0.000666781	1295.0
0.0006696759999999999	1300.0
0.00067356	1305.0
0.000678998	1310.0
0.000680096	1315.0
0.00068619	1320.0
0.0006908390000000001	1325.0
0.000695461	1330.0
0.000696918	1335.0
0.0007033219999999999	1340.0
0.000707685	1345.0
0.000712107	1350.0
0.000713436	1355.0
0.0007192090000000001	1360.0
0.00072542	1365.0
0.00073361	1370.0
0.000733274	1375.0
0.000738461	1380.0
0.000742107	1385.0
0.00074453	1390.0
0.000750725	1395.0
0.00075574	1400.0
0.0007570690000000001	1405.0
0.000767292	1410.0
0.0007658389999999999	1415.0
0.0007719970000000001	1420.0
0.00077585	1425.0
0.0007794459999999999	1430.0
0.00078266	1435.0
0.000787828	1440.0
0.000793665	1445.0
0.000798247	1450.0
0.0008028579999999999	1455.0
0.000803171	1460.0
0.000809944	1465.0
0.000813919	1470.0
0.000820396	1475.0
0.0008237370000000001	1480.0
0.0008273239999999999	1485.0
0.0008304559999999999	1490.0
0.0008351599999999999	1495.0
0.000841057	1500.0