5.1879e-08	108.0940000000001
1.666e-07	108.09400000000099
5.2282e-07	108.09400000001
1.6537e-06	108.0940000001
5.2295e-06	108.094000001
1.6537e-05	108.09400000999999
5.2295e-05	108.09400009999999
0.00016537	108.09400099999999
0.00052295	108.09401
0.0016537	108.0941
0.0052293	108.095
0.012806	108.1
0.053595	108.2
0.074392	108.3
0.090279	108.4
0.10354	108.5
0.2105	110.0
0.26438	111.5
0.29858	113.0
0.32146	114.5
0.33686	116.0
0.34706	117.5
0.35345	119.0
0.35682	120.5
0.35803	122.0
0.35752	123.5
0.35568	125.0
0.35283	126.5
0.34921	128.0
0.34491	129.5
0.3401	131.0
0.33487	132.5
0.32945	134.0
0.32384	135.5
0.31809	137.0
0.31216	138.5
0.30633	140.0
0.30046	141.5
0.28872	144.5
0.27732	147.5
0.26605	150.5
0.25537	153.5
0.24502	156.5
0.23507	159.5
0.22567	162.5
0.21674	165.5
0.20815	168.5
0.20014	171.5
0.19235	174.5
0.1851	177.5
0.17818	180.5
0.17158	183.5
0.16534	186.5
0.15934	189.5
0.15377	192.5
0.14836	195.5
0.14328	198.5
0.13843	201.5
0.13385	204.5
0.12939	207.5
0.12518	210.5
0.12126	213.5
0.11741	216.5
0.11382	219.5
0.11037	222.5
0.10699	225.5
0.10382	228.5
0.1008	231.5
0.097931	234.5
0.095117	237.5
0.092496	240.5
0.089921	243.5
0.087482	246.5
0.085193	249.5
0.082874	252.5
0.080682	255.5
0.07854	258.5
0.076586	261.5
0.074648	264.5
0.072808	267.5
0.070993	270.5
0.069306	273.5
0.067629	276.5
0.066036	279.5
0.064515	282.5
0.063011	285.5
0.061595	288.5
0.060222	291.5
0.058654	295.0
0.0565	300.0
0.054522	305.0
0.052583	310.0
0.050788	315.0
0.049081	320.0
0.047414	325.0
0.045885	330.0
0.044445	335.0
0.043065	340.0
0.04167	345.0
0.040426	350.0
0.039219	355.0
0.038026	360.0
0.036905	365.0
0.035883	370.0
0.034834	375.0
0.033901	380.0
0.032948	385.0
0.032086	390.0
0.031215	395.0
0.030402	400.0
0.029586	405.0
0.028821	410.0
0.02811	415.0
0.027402	420.0
0.026738	425.0
0.026072	430.0
0.025436	435.0
0.024849	440.0
0.024261	445.0
0.023691	450.0
0.023144	455.0
0.022626	460.0
0.022139	465.0
0.021622	470.0
0.021136	475.0
0.020699	480.0
0.02025	485.0
0.019825	490.0
0.019423	495.0
0.019027	500.0
0.01862	505.0
0.018245	510.0
0.017874	515.0
0.017529	520.0
0.017173	525.0
0.016843	530.0
0.016521	535.0
0.016207	540.0
0.015891	545.0
0.015598	550.0
0.015304	555.0
0.015036	560.0
0.014756	565.0
0.014485	570.0
0.014217	575.0
0.01398	580.0
0.013736	585.0
0.013497	590.0
0.013255	595.0
0.013034	600.0
0.01281	605.0
0.012599	610.0
0.012389	615.0
0.012187	620.0
0.011993	625.0
0.011789	630.0
0.011598	635.0
0.011419	640.0
0.011234	645.0
0.01105	650.0
0.010889	655.0
0.010724	660.0
0.010554	665.0
0.010394	670.0
0.010236	675.0
0.010082	680.0
0.0099324	685.0
0.0097828	690.0
0.0096374	695.0
0.0095035	700.0
0.0093669	705.0
0.0092338	710.0
0.0091067	715.0
0.0089752	720.0
0.0088385	725.0
0.0087174	730.0
0.0086109	735.0
0.0084857	740.0
0.0083682	745.0
0.0082492	750.0
0.0081361	755.0
0.008035	760.0
0.0079265	765.0
0.007824	770.0
0.0077148	775.0
0.0076149	780.0
0.0075246	785.0
0.0074219	790.0
0.0073302	795.0
0.0072351	800.0
0.0071472	805.0
0.00705	810.0
0.0069688	815.0
0.0068856	820.0
0.0067912	825.0
0.0067153	830.0
0.0066284	835.0
0.0065535	840.0
0.0064777	845.0
0.0064007	850.0
0.0063247	855.0
0.0062479	860.0
0.0061796	865.0
0.0061037	870.0
0.0060301	875.0
0.005962	880.0
0.0058897	885.0
0.0058293	890.0
0.005764	895.0
0.0057034	900.0
0.0056397	905.0
0.0055698	910.0
0.0055075	915.0
0.0054507	920.0
0.0053883	925.0
0.0053275	930.0
0.0052752	935.0
0.0052099	940.0
0.0051616	945.0
0.0051047	950.0
0.0050552	955.0
0.0050011	960.0
0.0049476	965.0
0.0048974	970.0
0.0048458	975.0
0.0047945	980.0
0.0047463	985.0
0.0046948	990.0
0.0046467	995.0
0.0046021	1000.0
0.0045556	1005.0
0.0045108	1010.0
0.0044686	1015.0
0.004422	1020.0
0.0043796	1025.0
0.0043367	1030.0
0.0042957	1035.0
0.0042511	1040.0
0.00421	1045.0
0.0041693	1050.0
0.0041308	1055.0
0.0040961	1060.0
0.0040507	1065.0
0.0040146	1070.0
0.0039757	1075.0
0.0039395	1080.0
0.0039032	1085.0
0.0038678	1090.0
0.0038344	1095.0
0.0037982	1100.0
0.0037619	1105.0
0.0037268	1110.0
0.0036944	1115.0
0.0036618	1120.0
0.0036307	1125.0
0.003595	1130.0
0.0035627	1135.0
0.0035315	1140.0
0.0034993	1145.0
0.0034726	1150.0
0.003442	1155.0
0.0034118	1160.0
0.003384	1165.0
0.0033508	1170.0
0.0033223	1175.0
0.0032955	1180.0
0.0032664	1185.0
0.0032406	1190.0
0.0032121	1195.0
0.0031873	1200.0
0.0031606	1205.0
0.0031293	1210.0
0.0031066	1215.0
0.0030821	1220.0
0.0030559	1225.0
0.0030325	1230.0
0.0030063	1235.0
0.0029825	1240.0
0.0029538	1245.0
0.0029345	1250.0
0.0029139	1255.0
0.0028895	1260.0
0.0028628	1265.0
0.0028411	1270.0
0.0028201	1275.0
0.0028001	1280.0
0.0027756	1285.0
0.0027534	1290.0
0.002732	1295.0
0.0027133	1300.0
0.0026925	1305.0
0.002668	1310.0
0.0026509	1315.0
0.0026289	1320.0
0.0026097	1325.0
0.0025901	1330.0
0.0025689	1335.0
0.0025514	1340.0
0.0025318	1345.0
0.0025122	1350.0
0.0024957	1355.0
0.0024753	1360.0
0.0024594	1365.0
0.0024407	1370.0
0.0024232	1375.0
0.0024048	1380.0
0.0023846	1385.0
0.0023695	1390.0
0.002353	1395.0
0.0023375	1400.0
0.0023203	1405.0
0.0023047	1410.0
0.0022866	1415.0
0.0022691	1420.0
0.0022545	1425.0
0.0022416	1430.0
0.0022221	1435.0
0.002206	1440.0
0.0021915	1445.0
0.0021772	1450.0
0.0021629	1455.0
0.0021468	1460.0
0.0021331	1465.0
0.0021177	1470.0
0.0021025	1475.0
0.002089	1480.0
0.0020741	1485.0
0.0020608	1490.0
0.002048	1495.0
0.0020335	1500.0